((("start-server" .
   [0 0 0 0 1 0 0 0 0 0 0 0])
  ("stop-server" .
   [0 0 0 0 1 0 0 0 0 0 0])
  ("reset!" .
   [0 0 0 0 0 1])
  ("handler" .
   [1 0 0 0 0 0 0])
  ("server" .
   [4 0 1 1 0 1])
  ("setDateFormat" .
   [0 0 0 0 1 0 0 0 0 0 0 0 0])
  ("day" .
   [1 0 0])
  ("DAY_OF_WEEK" .
   [0 0 0 0 1 0 0 0 0 0 0])
  ("getDay" .
   [1 0 0 0 0 0])
  ("str" .
   [2 0 0])
  ("Date" .
   [1 0 0 0])
  ("date" .
   [3 0 0 0])
  ("get" .
   [3 0 0])
  ("getMonday" .
   [0 0 0 0 1 0 1 0 0])
  ("Calender" .
   [2 0 0 1 0 6 0 0])
  ("cal" .
   [5 0 0])
  ("today" .
   [2 0 0 0 0])
  ("いいえ住んだこと時を重ねただけ" .
   [1 0 0 0 0 0 0 0 0 0 0 0 0 0 0])
  ("疲れ果てたあなた私の幻を愛したの" .
   [2 0 0 0 0 0 0 0 0 0 0 0 0 0 0 0])
  ("Everything" .
   [0 0 0 0 0 0 0 0 0 1])
  ("You're" .
   [2 0 0 0 0 0])
  ("自分の声を信じ歩けばいいの" .
   [1 0 0 0 0 0 0 0 0 0 0 0 0])
  ("jpg" .
   [0 0 1])
  ("+Email" .
   [1 0 0 0 0 0])
  ("+Author" .
   [1 0 0 0 0 0 0])
  ("+Title" .
   [1 0 0 0 0 0])
  ("DontCare" .
   [0 0 0 1 0 0 0 0])
  ("match" .
   [0 0 0 0 1])
  ("matches" .
   [2 0 0 0 0 0 0])
  ("@Test" .
   [2 0 0 0 0])
  ("profileAnswer" .
   [0 0 0 0 0 0 0 0 1 0 0 0 0])
  ("Bool" .
   [1 0 0 0])
  ("question" .
   [1 0 0 0 0 0 0 0])
  ("profile" .
   [4 0 0 0 0 0 0])
  ("MustMatch" .
   [1 0 0 0 0 0 0 0 0])
  ("Weight" .
   [2 0 0 0 0 0])
  ("criteriaAnswer" .
   [0 0 0 0 0 0 0 0 0 1 0 0 0 0])
  ("criterion" .
   [2 0 0 0 0 0 0 0 0])
  ("Criterion" .
   [3 0 0 0 0 0 0 0 0])
  ("Answer" .
   [2 0 1 2 0 0])
  ("criteria" .
   [3 0 0 0 0 0 0 0])
  ("Criteria" .
   [0 0 0 0 0 1 0 2])
  ("Profile" .
   [4 0 0 0 0 0 2])
  ("total" .
   [1 0 0 0 0])
  ("getScore" .
   [0 0 0 1 0 0 0 0])
  ("scoreable" .
   [0 0 0 0 0 0 0 0 1])
  ("scores" .
   [4 0 0 0 0 0])
  ("Scoreable" .
   [0 0 0 2 0 0 1 0 2])
  ("iloveyouboss" .
   [0 0 0 1 0 0 0 0 0 0 0 0])
  ("book" .
   [3 0 0 0])
  ("xlwt" .
   [1 0 0 0])
  ("__main__" .
   [0 0 0 0 0 0 0 1])
  ("__name__" .
   [0 0 0 0 0 0 1 0])
  ("pj_cd" .
   [2 0 0 0 0])
  ("row" .
   [10 0 0])
  ("result" .
   [1 0 0 0 0 0])
  ("postgresql" .
   [1 0 0 0 0 0 0 0 0 0])
  ("block" .
   [0 0 0 2 1])
  ("display" .
   [0 0 0 0 2 0 0])
  ("visited" .
   [1 0 0 0 0 0 0])
  ("violet" .
   [0 0 1 0 0 0])
  ("line-height" .
   [0 1 0 0 0 0 0 0 1 0 0])
  ("medium" .
   [0 0 0 0 0 1])
  ("middle" .
   [0 0 0 1 0 0])
  ("x-large" .
   [1 0 0 0 0 0 0])
  ("font-size" .
   [0 2 1 0 0 0 0 0 1])
  ("Background" .
   [0 0 1 0 1 1 0 0 0 0])
  ("color" .
   [0 3 0 0 2])
  ("small" .
   [0 0 0 0 1])
  ("sub" .
   [1 0 0])
  ("png" .
   [1 0 0])
  ("im" .
   [0 1])
  ("これはサンプルテキストです。" .
   [1 0 0 0 0 0 0 1 0 0 0 0 0 1])
  ("href" .
   [2 0 0 1])
  ("height" .
   [0 0 0 2 1 0])
  ("width" .
   [0 4 2 1 0])
  ("alt" .
   [3 0 0])
  ("images" .
   [1 0 0 1 0 1])
  ("src" .
   [2 0 1])
  ("img" .
   [3 0 0])
  ("株式会社サンプル" .
   [1 0 0 0 0 0 0 0])
  ("value" .
   [1 0 0 0 0])
  ("float" .
   [1 0 0 0 2])
  ("text-align" .
   [1 0 0 0 0 0 0 0 0 1])
  ("right" .
   [8 0 0 0 0])
  ("style" .
   [3 0 0 0 0])
  ("name" .
   [2 0 0 0])
  ("type" .
   [1 0 0 0])
  ("role" .
   [1 0 0 0])
  ("div" .
   [5 0 0])
  ("load-theme" .
   [0 0 0 0 0 0 0 1 0 0])
  ("left" .
   [2 0 0 4])
  ("dn10_sl_display_type_normal" .
   [1 0 0 0 0 0 0 0 0 0 0 0 0 0 0 0 0 0 0 0 0 0 0 0 0 0 0])
  ("dn10_slv_normal_file" .
   [0 0 0 0 0 0 0 0 0 0 0 0 0 0 0 1 0 0 0 0])
  ("dn10_sl_display_type" .
   [0 0 0 0 1 0 0 0 0 0 0 0 0 0 0 0 0 0 0 1])
  ("tree" .
   [1 0 0 0])
  ("tree-walk" .
   [1 0 0 0 0 0 0 0 0])
  ("elt" .
   [3 0 0])
  ("lambda" .
   [0 0 0 1 0 0])
  ("walker" .
   [1 0 0 1 0 0])
  ("evil-mode-line" .
   [0 0 0 0 0 0 0 0 0 0 0 0 0 1])
  ("body" .
   [0 0 2 0])
  ("h1" .
   [0 1])
  ("title" .
   [1 0 0 1 0])
  ("check" .
   [1 0 0 0 0])
  ("modulo" .
   [0 0 0 0 0 1])
  ("Exit" .
   [0 0 0 1])
  ("all-poslines" .
   [0 0 0 0 0 0 0 0 0 0 0 1])
  ("clamping?" .
   [0 0 0 0 1 0 0 0 0])
  ("nil" .
   [2 0 0])
  ("fst" .
   [1 0 0])
  ("self?" .
   [0 0 0 0 1])
  ("filter" .
   [0 0 0 1 0 0])
  ("first" .
   [0 0 0 0 1])
  ("if-let" .
   [0 0 0 0 0 1])
  ("posline" .
   [2 0 0 0 0 0 0])
  ("opponent?" .
   [0 0 0 2 0 0 0 0 0])
  ("posline-for-dir" .
   [0 0 0 0 1 0 0 0 0 0 0 0 0 0 0])
  ("dirs" .
   [1 0 0 0])
  ("not-empty" .
   [0 0 0 0 0 0 1 0 0])
  ("free?" .
   [2 0 0 0 1])
  ("brd" .
   [14 0 0])
  ("suc" .
   [2 0 0])
  ("iterate" .
   [0 0 1 0 0 0 1])
  ("in-board?" .
   [0 0 0 0 1 0 0 0 0])
  ("nwrap?" .
   [0 0 1 0 0 0])
  ("not-wrapped?" .
   [0 0 0 0 0 0 0 0 0 0 0 1])
  ("dir" .
   [4 0 0])
  ("successor" .
   [0 0 0 0 1 0 0 0 0])
  ("west?" .
   [0 0 2 0 0])
  ("identity" .
   [0 0 0 0 0 1 0 0])
  ("last-col" .
   [0 0 0 0 0 0 0 1])
  ("first-col" .
   [1 0 0 0 0 0 0 0 0])
  ("col-from-pos" .
   [0 0 0 0 1 0 0 0 0 0 0 1])
  ("key-characters" .
   [0 0 0 0 2 0 0 0 0 0 0 0 0 1])
  ("join" .
   [1 0 0 0])
  ("reverse" .
   [0 0 0 0 0 0 1])
  ("acc" .
   [2 0 0])
  ("index" .
   [5 0 0 0 0])
  ("char-range" .
   [1 0 0 0 0 0 0 0 0 0])
  ("end-char" .
   [0 0 0 1 0 0 0 0])
  ("first-char" .
   [0 0 0 0 0 0 0 1 0 0])
  ("url" .
   [1 0 0])
  ("new-id" .
   [0 0 0 0 0 1])
  ("links" .
   [2 0 0 0 0])
  ("current-id" .
   [0 0 0 0 0 1 0 0 0 0])
  ("doc" .
   [0 0 1])
  ("defonce" .
   [0 0 0 0 0 0 1])
  (":nw" .
   [2 0 0])
  (":w" .
   [2 0])
  ("west" .
   [3 0 0 1])
  (":sw" .
   [2 0 0])
  ("south" .
   [3 0 0 0 0])
  (":se" .
   [1 0 0])
  ("east" .
   [3 0 0 3])
  (":ne" .
   [2 0 0])
  ("north" .
   [3 0 0 0 0])
  ("generic-x" .
   [0 0 0 0 0 0 0 0 1])
  ("dat" .
   [1 0 0])
  ("ac-comphist" .
   [0 0 0 0 0 0 1 0 0 0 0])
  ("interactive-form" .
   [0 0 0 1 0 0 0 0 0 0 0 0 0 0 0 0])
  ("java" .
   [0 0 5 0])
  ("erfi-macros" .
   [1 0 0 0 0 0 0 0 0 0 0])
  ("ASTree" .
   [0 0 1 0 0 0])
  ("String" .
   [2 0 0 0 1 3])
  ("public" .
   [0 0 2 0 1 8])
  ("extends" .
   [0 0 0 1 1 0 0])
  ("StoneException" .
   [1 0 0 2 0 1 0 0 0 0 0 0 0 0])
  ("imp" .
   [0 0 1])
  ("stone" .
   [3 0 0 0 0])
  ("package" .
   [0 0 2 0 0 0 2])
  ("params" .
   [1 0 0 0 0 0])
  ("json_data" .
   [1 0 0 0 0 0 0 0 0])
  ("list" .
   [1 0 0 0])
  ("max_length" .
   [0 0 0 0 1 0 0 0 0 0])
  ("CharField" .
   [0 0 0 1 0 0 0 0 0])
  ("Choice" .
   [0 0 0 0 1 0])
  ("Model" .
   [1 0 0 0 0])
  ("class" .
   [0 0 0 1 2])
  ("Question" .
   [0 0 0 0 2 0 0 1])
  ("models" .
   [2 0 0 0 1 6])
  ("---" .
   [3 0 0])
  ("mail-signature" .
   [0 0 0 1 0 0 0 0 0 0 0 0 0 0])
  ("readline" .
   [2 0 0 0 1 1 1 0])
  ("writer" .
   [0 0 0 1 0 0])
  ("ac-python" .
   [1 0 0 0 0 0 0 0 0])
  ("require" .
   [1 0 0 0 0 0 5])
  ("range" .
   [0 0 0 0 1])
  ("import" .
   [0 0 0 0 2 7])
  ("csv" .
   [0 0 1])
  ("mailbox" .
   [0 0 0 3 0 0 0])
  ("define" .
   [0 0 0 0 0 5])
  ("CMSデータは先週のネットワークトラブル以降、データの取得が" .
   [0 0 0 2 0 0 0 0 0 0 0 0 0 0 0 0 0 0 0 0 0 0 0 0 0 0 0 0 0 0])
  ("export" .
   [0 0 0 0 1 1])
  ("pyenv-virtualenv-init" .
   [0 0 0 0 0 0 0 0 0 0 0 0 0 0 0 0 0 0 0 0 1])
  ("init" .
   [2 0 0 1])
  ("/dev/null" .
   [0 0 0 1 0 0 0 0 0])
  ("defn" .
   [0 0 0 1])
  ("Hello" .
   [1 0 0 0 1])
  ("hello" .
   [3 0 1 0 0])
  ("Writes" .
   [1 0 0 0 0 0])
  ("message" .
   [1 0 0 0 0 0 0])
  ("to" .
   [1 0])
  ("*out*." .
   [1 0 0 0 0 0])
  ("by" .
   [1 0])
  ("username" .
   [2 0 0 0 0 0 0 2])
  ("greeting" .
   [0 0 0 1 0 0 0 1])
  ("world" .
   [1 0 0 0 0])
  ("persistent!" .
   [0 0 0 1 0 0 0 0 0 0 0])
  ("person-1" .
   [1 0 0 0 0 0 0 0])
  ("person-2" .
   [1 0 0 0 0 0 0 0])
  ("count" .
   [0 0 0 0 2])
  ("chaperones" .
   [0 0 0 1 0 1 0 0 0 0])
  ("cast" .
   [0 1 0 0])
  ("you" .
   [1 0 0])
  ("rst-mode" .
   [0 0 0 0 1 0 0 0])
  ("package-desc-reqs" .
   [1 0 0 0 0 0 0 0 0 0 0 0 0 0 0 0 0])
  ("ac-cider" .
   [1 0 0 0 0 0 0 0])
  ("package-install-with-refresh" .
   [0 0 0 0 0 0 0 0 0 0 0 0 0 0 0 0 0 0 0 0 0 0 0 0 0 0 0 1])
  ("clojure-cheetsheet" .
   [0 0 0 0 0 0 0 0 0 0 1 0 0 0 0 0 0 0])
  ("test" .
   [0 0 0 1])
  ("text" .
   [2 0 0 0])
  ("request" .
   [1 0 0 0 0 0 0])
  ("hl-line" .
   [1 0 0 0 0 0 0])
  ("util" .
   [2 0 0 2])
  ("regex" .
   [0 0 0 0 2])
  ("static" .
   [0 0 0 1 0 1])
  ("private" .
   [0 0 0 1 1 0 4])
  ("Pattern" .
   [1 0 0 1 0 1 0])
  ("regexPat" .
   [0 0 0 0 0 0 1 0])
  ("ArrayList" .
   [0 0 1 1 0 0 0 0 0])
  ("Token" .
   [5 0 2 0 2])
  ("boolean" .
   [0 0 0 1 0 0 2])
  ("protected" .
   [0 0 0 1 1 1 0 0 3])
  ("LineNumberReader" .
   [0 0 2 0 0 0 0 0 0 0 0 0 0 0 0 0])
  ("Lexer" .
   [1 0 0 0 0])
  ("Reader" .
   [2 0 2 1 0 0])
  ("hasMore" .
   [0 0 0 0 2 1 0])
  ("reader" .
   [1 0 0 0 0 2])
  ("queue" .
   [2 0 3 2 0])
  ("return" .
   [0 0 0 0 0 5])
  ("throw" .
   [0 0 0 0 4])
  ("ParseException" .
   [0 0 0 2 0 1 0 0 0 0 0 0 0 2])
  ("final" .
   [1 0 0 0 0])
  ("fillQueue" .
   [0 0 0 1 1 0 0 0 0])
  ("true" .
   [2 0 0 0])
  ("void" .
   [0 0 0 1])
  ("throws" .
   [0 0 0 0 0 1])
  ("line" .
   [5 0 0 0])
  ("IOException" .
   [0 0 1 0 0 0 0 0 0 0 0])
  ("false" .
   [1 0 0 1 0])
  ("Matcher" .
   [1 0 5 1 0 0 1])
  ("pattern" .
   [2 0 0 0 0 0 0])
  ("matcher" .
   [3 0 1 0 0 0 11])
  ("pos" .
   [40 0 0])
  ("enum" .
   [1 0 0 0])
  ("endPos" .
   [2 0 0 1 0 0])
  ("lineNo" .
   [8 0 0 0 0 0])
  ("addToken" .
   [1 0 0 1 2 0 0 1])
  ("coll" .
   [9 0 0 0])
  ("cnt" .
   [2 0 0])
  ("lazy-seq" .
   [0 0 0 0 0 0 1 0])
  ("pair" .
   [1 0 0 0])
  ("by-pairs" .
   [0 0 0 0 0 0 0 1])
  ("add" .
   [4 0 0])
  ("null" .
   [5 0 0 0])
  ("group" .
   [2 0 2 0 0])
  ("token" .
   [6 0 0 0 0])
  ("idToken" .
   [1 0 0 1 0 0 0])
  ("toStringLiteral" .
   [0 0 0 1 0 0 1 0 0 0 0 0 0 0 0])
  ("StringBuiilder" .
   [0 0 0 0 0 0 0 1 0 0 0 0 0 0])
  ("length" .
   [1 0 1 2 0 2])
  ("len" .
   [3 0 0])
  ("char" .
   [0 0 0 2])
  ("charAt" .
   [1 0 0 0 0 5])
  ("sb" .
   [2 0])
  ("NumToken" .
   [0 0 0 1 0 0 0 0])
  ("int" .
   [0 0 1])
  ("def" .
   [23 0 0])
  ("b-size" .
   [0 4 1 3 0 1])
  ("first-pos" .
   [1 0 0 0 0 0 1 0 1])
  ("last-pos" .
   [0 0 0 0 0 0 1 1])
  ("last" .
   [0 0 0 1])
  ("quot" .
   [0 0 1 0])
  ("app" .
   [1 0 0])
  ("names" .
   [1 0 0 0 0])
  ("rubies" .
   [0 0 0 0 0 1])
  ("val" .
   [4 0 0])
  ("Parent" .
   [1 0 0 0 0 0])
  ("module" .
   [0 0 1 1 0 0])
  ("|--------+---|" .
   [0 0 3 0 0 0 0 0 0 0 0 0 0 0])
  ("yield" .
   [0 0 0 0 1])
  ("Float" .
   [0 0 1 0 0])
  ("flock" .
   [0 0 0 0 1])
  ("File::LOCK_EX" .
   [0 0 0 0 0 0 1 0 0 0 0 0 0])
  ("write_time_lock" .
   [0 0 1 0 0 0 0 0 0 0 0 0 0 0 0])
  ("head" .
   [2 0 0 1])
  ("html" .
   [2 0 0 0])
  ("exec" .
   [0 0 1 0])
  ("en_US.UTF-8" .
   [1 0 0 0 0 0 0 0 0 0 0])
  ("inferior-" .
   [0 0 0 0 0 0 0 0 1])
  ("null?" .
   [1 0 0 0 2])
  ("pair?" .
   [0 0 1 0 0])
  ("obj" .
   [1 0 0])
  ("lis" .
   [11 0 0])
  ("pick-greater" .
   [0 0 0 0 0 1 0 0 0 0 0 0])
  ("fold" .
   [3 0 0 0])
  ("increment2" .
   [1 0 0 0 0 0 0 0 0 0])
  ("print" .
   [1 0 0 0 0])
  ("print-one-element" .
   [0 0 0 0 0 0 0 0 0 1 0 0 0 0 0 0 0])
  ("proc" .
   [1 0 0 3])
  ("enable-theme" .
   [0 0 0 0 0 0 0 0 0 0 0 1])
  ("atom-one-dark-theme" .
   [0 0 0 0 0 0 1 0 0 0 0 0 0 0 0 0 0 0 0])
  ("Widget" .
   [0 0 0 0 0 1])
  ("List" .
   [1 0 0 0])
  ("sheet" .
   [1 0 0 0 0])
  ("header-row" .
   [0 0 0 0 0 0 1 0 0 0])
  ("auto" .
   [2 0 0 1])
  ("main" .
   [1 0 0 0])
  ("flow" .
   [0 0 0 3])
  ("footer" .
   [0 0 0 0 1 3])
  ("section" .
   [0 0 0 1 0 1 0])
  ("clear" .
   [0 0 0 0 2])
  ("nav" .
   [7 0 0])
  ("hidden" .
   [0 0 0 0 1 0])
  ("solid" .
   [1 0 2 0 1])
  ("normal" .
   [1 0 0 0 0 0])
  ("bar" .
   [0 0 1])
  ("background" .
   [0 0 0 1 0 0 0 0 0 1])
  ("repeat" .
   [0 0 0 0 0 2])
  ("border" .
   [0 0 0 0 0 1])
  ("id" .
   [3 0])
  ("border-radius" .
   [0 0 0 0 0 0 0 0 0 1 0 1 0])
  ("box-shadow" .
   [0 0 1 0 0 0 1 0 0 0])
  ("font-weight" .
   [0 0 0 0 0 0 0 0 1 0 0])
  ("bold" .
   [0 0 0 1])
  ("text-decoration" .
   [0 0 0 0 0 0 0 1 0 0 0 0 0 0 0])
  ("text-shadow" .
   [0 1 0 0 0 0 0 1 0 0 0])
  ("fff" .
   [3 0 0])
  ("hover" .
   [0 0 1 0 0])
  ("image" .
   [0 0 0 0 1])
  ("logo" .
   [1 0 0 0])
  ("aside" .
   [1 0 0 0 0])
  ("20px" .
   [3 0 0 0])
  ("padding" .
   [2 0 0 0 0 0 0])
  ("15px" .
   [1 0 0 0])
  ("7px" .
   [1 0 0])
  ("background-color" .
   [0 0 0 0 0 0 0 0 0 0 0 0 0 0 0 1])
  ("h2" .
   [2 0])
  ("margin-top" .
   [0 1 0 0 0 0 0 0 0 0])
  ("margin" .
   [0 1 0 0 0 0])
  ("Copyright" .
   [0 0 0 0 0 0 1 0 0])
  ("copyright" .
   [1 0 0 0 0 0 0 0 0])
  ("center" .
   [0 0 0 0 0 1])
  ("in" .
   [1 0])
  ("hara_s" .
   [1 0 0 0 0 0])
  ("stylesheet" .
   [0 0 1 0 0 0 0 0 0 0])
  ("reveal" .
   [0 0 0 0 0 1])
  ("function" .
   [0 0 0 0 0 0 0 1])
  ("scala-mode2" .
   [0 0 0 0 0 0 0 0 1 0 0])
  ("interface" .
   [0 0 0 0 0 1 0 0 0])
  ("t" .
   [1])
  ("iiiiiiiiiiiiiiiiii" .
   [0 0 0 0 0 0 0 0 0 1 0 0 0 0 0 0 0 0])
  ("is" .
   [1 0])
  ("not" .
   [1 0 0])
  ("console" .
   [1 0 0 0 0 0 0])
  ("log" .
   [1 0 0])
  ("charcoal-black" .
   [0 0 0 0 0 0 0 1 0 0 0 0 0 0])))
